1111123456789999324567892636487448939864329871111123411111234567899
993245678926364874489398643298711111234567899993245678926364874489398643298754198275498217540328754021234567899993245678926364874489398643298754
1982754982175403287540212345678999932456789263648744893986432987541982754982175403287540223456789999324567892636487448939864329875419827549821754
0328754021234567899993245678926364874489398643298754198275498217540328754021234567899993245678926364874489398643298754198275498217540328754021234
5678999932456789263648744893986432987541982754982175403287540212345678999932456789263648744893986432987541982754982175403287540212345678999932456
0328754021234567899993245678926364874489398643298754198275498217540328754021234567899993245678926364874489398643298754198275498217540328754021234
5678999932456789263648744893986432987541982754982175403287540212345678999932456789263648744893986432987541982754982175403287540212345678999932456
5678999932456789263648744893986432987541982754982175403287540212345678999932456789263648744893986432987541982754982175403287540212345678999932456
5678999932456789263648744893986432987541982754982175403287540212345678999932456789263648744893986432987541982754982175403287540212345678999932456
0328754021234567899993245678926364874489398643298754198275498217540328754021234567899993245678926364874489398643298754198275498217540328754021234
5678999932456789263648744893986432987541982754982175403287540212345678999932456789263648744893986432987541982754982175403287540212345678999932456
0328754021234567899993245678926364874489398643298754198275498217540328754021234567899993245678926364874489398643298754198275498217540328754021234